2.458763551401868928e+06 2.482735514018691611e+06 2.517177570093457587e+06 2.416184112149532419e+06 4.151618691588785034e+06
5.180934579439251684e+04 4.937570093457943585e+04 2.517177570093457587e+06 2.416184112149532419e+06 4.151618691588785034e+06
5.989679611650485313e+05 5.686106796116505284e+05 6.195427184466018807e+05 6.216708737864077557e+05 5.977097087378640426e+05
6.344951456310679350e+04 5.498349514563106641e+04 6.195427184466018807e+05 6.216708737864077557e+05 5.977097087378640426e+05
4.527281553398058168e+04 4.200097087378640572e+04 7.427961165048542898e+04 8.135436893203883665e+04 7.864271844660193892e+04
2.631067961165048246e+02 4.401941747572815075e+03 7.427961165048542898e+04 8.135436893203883665e+04 7.864271844660193892e+04
3.031932038834951236e+05 3.017718446601941832e+05 4.280718446601941832e+05 5.410572815533980029e+05 5.089145631067961222e+05
1.524271844660194074e+04 1.757281553398058168e+04 4.280718446601941832e+05 5.410572815533980029e+05 5.089145631067961222e+05
2.487572815533980611e+05 2.279631067961165099e+05 3.782000000000000000e+05 3.606174757281553466e+05 3.224116504854368977e+05
2.019825242718446534e+05 1.823660194174757344e+05 3.782000000000000000e+05 3.606174757281553466e+05 3.224116504854368977e+05
1.828560747663551301e+05 1.728850467289719381e+05 1.676065420560747443e+05 1.669794392523364513e+05 1.773747663551401638e+05
3.057943925233644677e+03 4.670093457943925387e+03 1.676065420560747443e+05 1.669794392523364513e+05 1.773747663551401638e+05
2.788476190476190459e+04 3.115142857142856883e+04 4.965333333333332848e+04 5.063142857142857247e+04 4.840952380952380918e+04
1.246666666666666606e+04 1.463904761904761835e+04 4.965333333333332848e+04 5.063142857142857247e+04 4.840952380952380918e+04
9.758285714285714494e+04 9.274571428571427532e+04 1.118895238095238019e+05 9.964285714285714494e+04 1.062457142857142753e+05
1.321714285714285688e+04 1.572476190476190459e+04 1.118895238095238019e+05 9.964285714285714494e+04 1.062457142857142753e+05
1.689873786407767038e+05 1.594378640776698885e+05 1.366592233009708580e+05 1.190757281553398061e+05 1.166417475728155259e+05
7.296116504854368941e+03 6.366019417475728005e+03 1.366592233009708580e+05 1.190757281553398061e+05 1.166417475728155259e+05
1.352815533980582550e+05 1.339417475728155405e+05 1.432106796116504702e+05 1.547184466019417450e+05 1.447601941747572855e+05
7.420388349514562833e+03 8.470873786407766602e+03 1.432106796116504702e+05 1.547184466019417450e+05 1.447601941747572855e+05
6.419417475728155114e+04 6.451262135922329617e+04 9.028155339805825497e+04 8.639514563106796413e+04 8.164271844660193892e+04
2.613009708737863912e+04 2.650194174757281507e+04 9.028155339805825497e+04 8.639514563106796413e+04 8.164271844660193892e+04
6.552621359223300533e+04 6.344951456310679350e+04 1.147320388349514542e+05 1.061786407766990305e+05 1.027184466019417450e+05
7.337281553398058168e+04 7.246310679611650994e+04 1.147320388349514542e+05 1.061786407766990305e+05 1.027184466019417450e+05
1.139621359223300969e+05 1.174009708737863984e+05 1.227184466019417450e+05 1.226980582524271886e+05 1.299495145631067862e+05
4.765048543689320468e+03 4.525242718446601430e+03 1.227184466019417450e+05 1.226980582524271886e+05 1.299495145631067862e+05
9.916168224299064605e+04 9.752990654205606552e+04 1.230766355140186788e+05 1.252775700934579363e+05 1.417532710280373867e+05
1.452710280373831665e+04 1.376448598130841128e+04 1.230766355140186788e+05 1.252775700934579363e+05 1.417532710280373867e+05
5.172038834951456374e+04 4.653009708737864275e+04 7.237572815533980611e+04 6.962038834951455647e+04 6.595631067961164808e+04
2.921067961165048473e+04 2.967864077669902690e+04 7.237572815533980611e+04 6.962038834951455647e+04 6.595631067961164808e+04
7.428761904761903861e+04 6.882285714285714494e+04 7.069904761904761835e+04 6.636190476190476329e+04 6.343142857142856519e+04
8.691428571428570649e+03 7.961904761904761472e+03 7.069904761904761835e+04 6.636190476190476329e+04 6.343142857142856519e+04
1.118631067961164954e+05 1.032436893203883519e+05 1.001000000000000000e+05 9.288349514563106641e+04 9.097864077669903054e+04
3.858252427184465887e+03 3.748543689320388239e+03 1.001000000000000000e+05 9.288349514563106641e+04 9.097864077669903054e+04
4.112524271844659961e+04 3.979611650485436985e+04 4.071067961165048473e+04 3.587766990291261754e+04 3.558446601941747213e+04
2.942135922330096946e+04 2.902038834951456374e+04 4.071067961165048473e+04 3.587766990291261754e+04 3.558446601941747213e+04
1.448737864077669838e+04 1.589611650485436803e+04 1.791844660194174867e+04 1.647572815533980611e+04 1.918349514563106641e+04
1.991262135922330117e+03 1.806796116504854353e+03 1.791844660194174867e+04 1.647572815533980611e+04 1.918349514563106641e+04
1.433689320388349552e+04 1.346116504854368941e+04 3.001165048543689409e+04 2.869708737864077557e+04 2.758349514563106641e+04
2.503203883495145419e+04 2.270679611650485458e+04 3.001165048543689409e+04 2.869708737864077557e+04 2.758349514563106641e+04
2.734380952380952294e+04 2.553523809523809541e+04 3.389809523809523671e+04 3.220666666666666424e+04 5.321714285714285506e+04
8.524761904761904589e+03 8.130476190476189913e+03 3.389809523809523671e+04 3.220666666666666424e+04 5.321714285714285506e+04
1.509126213592233034e+04 1.437281553398058168e+04 1.924077669902912749e+04 1.803592233009708798e+04 1.723980582524271813e+04
4.167961165048543990e+03 3.585436893203883301e+03 1.924077669902912749e+04 1.803592233009708798e+04 1.723980582524271813e+04
8.107766990291262118e+03 7.587378640776699285e+03 1.886796116504854217e+04 3.913980582524271449e+04 5.718446601941747213e+04
7.268932038834951527e+03 7.523300970873786355e+03 1.886796116504854217e+04 3.913980582524271449e+04 5.718446601941747213e+04
3.698971962616822566e+04 3.821495327102803276e+04 3.803925233644859691e+04 4.157289719626167789e+04 6.110000000000000000e+04
2.149532710280373522e+03 1.430841121495327116e+03 3.803925233644859691e+04 4.157289719626167789e+04 6.110000000000000000e+04
5.785523809523809177e+04 7.573333333333332848e+04 8.210761904761903861e+04 8.278095238095238165e+04 8.913333333333332848e+04
7.556190476190476147e+03 7.378095238095237619e+03 8.210761904761903861e+04 8.278095238095238165e+04 8.913333333333332848e+04
1.709333333333333212e+04 1.849047619047619082e+04 2.394952380952380918e+04 2.510761904761904589e+04 2.760190476190475965e+04
2.947619047619047706e+03 2.323809523809523853e+03 2.394952380952380918e+04 2.510761904761904589e+04 2.760190476190475965e+04
2.619902912621359064e+04 3.069126213592233034e+04 4.222621359223300533e+04 4.253495145631067862e+04 4.699611650485436985e+04
8.913592233009709162e+03 7.604854368932038597e+03 4.222621359223300533e+04 4.253495145631067862e+04 4.699611650485436985e+04
2.497714285714285506e+04 2.251714285714285506e+04 2.562857142857142753e+04 2.452000000000000000e+04 2.438571428571428623e+04
5.518095238095237619e+03 5.078095238095237619e+03 2.562857142857142753e+04 2.452000000000000000e+04 2.438571428571428623e+04
7.422330097087378090e+04 7.187961165048542898e+04 7.108834951456310228e+04 6.859611650485436257e+04 6.666116504854368395e+04
7.669902912621358837e+01 4.854368932038834572e+01 7.108834951456310228e+04 6.859611650485436257e+04 6.666116504854368395e+04
3.671165048543689045e+04 3.622524271844659961e+04 3.843106796116504847e+04 3.801553398058252060e+04 3.705145631067961222e+04
1.170873786407767057e+03 1.347572815533980474e+03 3.843106796116504847e+04 3.801553398058252060e+04 3.705145631067961222e+04
1.798058252427184561e+04 1.918155339805825133e+04 2.394174757281553320e+04 2.389029126213592099e+04 2.157378640776699103e+04
1.789320388349514587e+03 1.505825242718446589e+03 2.394174757281553320e+04 2.389029126213592099e+04 2.157378640776699103e+04
1.867850467289719381e+04 2.124485981308410919e+04 4.394485981308411283e+04 4.496915887850466970e+04 4.721308411214953230e+04
2.620186915887850409e+04 2.534112149532710100e+04 4.394485981308411283e+04 4.496915887850466970e+04 4.721308411214953230e+04
5.255327102803737944e+04 5.093177570093457325e+04 5.835046728971962148e+04 6.225140186915887170e+04 6.064018691588784714e+04
1.220654205607476615e+04 1.185700934579439127e+04 5.835046728971962148e+04 6.225140186915887170e+04 6.064018691588784714e+04
4.244466019417475763e+04 4.714951456310679350e+04 5.382038834951456374e+04 6.430388349514563015e+04 6.895339805825242365e+04
4.259223300970873424e+03 4.083495145631067771e+03 5.382038834951456374e+04 6.430388349514563015e+04 6.895339805825242365e+04
4.865238095238094684e+04 4.705333333333332848e+04 5.715904761904761835e+04 5.399809523809523671e+04 5.122285714285713766e+04
1.262857142857142753e+04 1.227047619047619082e+04 5.715904761904761835e+04 5.399809523809523671e+04 5.122285714285713766e+04
7.377669902912621183e+03 7.133980582524271995e+03 1.994854368932038778e+04 2.103495145631067862e+04 2.033398058252427290e+04
1.316796116504854399e+04 1.328252427184466069e+04 1.994854368932038778e+04 2.103495145631067862e+04 2.033398058252427290e+04
6.538349514563106641e+04 7.753689320388349006e+04 9.004757281553397479e+04 9.569126213592232671e+04 1.051592233009708725e+05
1.156310679611650357e+03 1.100970873786407765e+03 9.004757281553397479e+04 9.569126213592232671e+04 1.051592233009708725e+05
5.880285714285713766e+04 6.416476190476190095e+04 7.470761904761903861e+04 7.754380952380952658e+04 8.230095238095238165e+04
3.497142857142856883e+03 5.271428571428571558e+03 7.470761904761903861e+04 7.754380952380952658e+04 8.230095238095238165e+04
2.658834951456310591e+04 2.670679611650485458e+04 3.425145631067961222e+04 3.576116504854369123e+04 3.379708737864077557e+04
8.022330097087378817e+03 7.701941747572815075e+03 3.425145631067961222e+04 3.576116504854369123e+04 3.379708737864077557e+04
3.478224299065420200e+04 3.374299065420560510e+04 3.675233644859812921e+04 3.713831775700934668e+04 3.620280373831775796e+04
5.307476635514018199e+03 5.075700934579438581e+03 3.675233644859812921e+04 3.713831775700934668e+04 3.620280373831775796e+04
3.038317757009345769e+03 2.820560747663551410e+03 2.005794392523364513e+04 1.969065420560747589e+04 2.004018691588785077e+04
1.863831775700934304e+04 1.870467289719626206e+04 2.005794392523364513e+04 1.969065420560747589e+04 2.004018691588785077e+04
8.300934579439252047e+03 7.688785046728971793e+03 3.524766355140186351e+04 3.079532710280373794e+04 3.663271028037383076e+04
2.601495327102803640e+04 2.588224299065420564e+04 3.524766355140186351e+04 3.079532710280373794e+04 3.663271028037383076e+04
2.707572815533980611e+04 2.752135922330096946e+04 2.787766990291262118e+04 1.320873786407766966e+04 1.022427184466019389e+04
2.351456310679611761e+03 1.813592233009708707e+03 2.787766990291262118e+04 1.320873786407766966e+04 1.022427184466019389e+04
4.886095238095238165e+04 4.815904761904761835e+04 5.669047619047619082e+04 5.750476190476190095e+04 5.718761904761904589e+04
8.652380952380952294e+03 8.230476190476190823e+03 5.669047619047619082e+04 5.750476190476190095e+04 5.718761904761904589e+04
3.193714285714285506e+04 3.590380952380951931e+04 4.577047619047619082e+04 4.712190476190476329e+04 4.658761904761904589e+04
3.361904761904761926e+03 3.160000000000000000e+03 4.577047619047619082e+04 4.712190476190476329e+04 4.658761904761904589e+04
